q last solution:

v last solution:

F_lsole last solution:

F_rsole last solution:

tau last solution:

q guess:
       0        0 0.622451        0        0        0        1    -0.44     0.05        0     0.95    -0.49    -0.07    -0.44    -0.05        0     0.95    -0.49     0.07        0        0        0     0.07     0.14        0     1.13     0.07    -0.14        0     1.13        0        0 0.622451        0        0        0        1    -0.44     0.05        0     0.95    -0.49    -0.07    -0.44    -0.05        0     0.95    -0.49     0.07        0        0        0     0.07     0.14        0     1.13     0.07    -0.14        0     1.13        0        0 0.622451        0        0        0        1    -0.44     0.05        0     0.95    -0.49    -0.07    -0.44    -0.05        0     0.95    -0.49     0.07        0        0        0     0.07     0.14        0     1.13     0.07    -0.14        0     1.13        0        0 0.622451        0        0        0        1    -0.44     0.05        0     0.95    -0.49    -0.07    -0.44    -0.05        0     0.95    -0.49     0.07        0        0        0     0.07     0.14        0     1.13     0.07    -0.14        0     1.13        0        0 0.622451        0        0        0        1    -0.44     0.05        0     0.95    -0.49    -0.07    -0.44    -0.05        0     0.95    -0.49     0.07        0        0        0     0.07     0.14        0     1.13     0.07    -0.14        0     1.13        0        0 0.622451        0        0        0        1    -0.44     0.05        0     0.95    -0.49    -0.07    -0.44    -0.05        0     0.95    -0.49     0.07        0        0        0     0.07     0.14        0     1.13     0.07    -0.14        0     1.13        0        0 0.622451        0        0        0        1    -0.44     0.05        0     0.95    -0.49    -0.07    -0.44    -0.05        0     0.95    -0.49     0.07        0        0        0     0.07     0.14        0     1.13     0.07    -0.14        0     1.13        0        0 0.622451        0        0        0        1    -0.44     0.05        0     0.95    -0.49    -0.07    -0.44    -0.05        0     0.95    -0.49     0.07        0        0        0     0.07     0.14        0     1.13     0.07    -0.14        0     1.13        0        0 0.622451        0        0        0        1    -0.44     0.05        0     0.95    -0.49    -0.07    -0.44    -0.05        0     0.95    -0.49     0.07        0        0        0     0.07     0.14        0     1.13     0.07    -0.14        0     1.13        0        0 0.622451        0        0        0        1    -0.44     0.05        0     0.95    -0.49    -0.07    -0.44    -0.05        0     0.95    -0.49     0.07        0        0        0     0.07     0.14        0     1.13     0.07    -0.14        0     1.13        0        0 0.622451        0        0        0        1    -0.44     0.05        0     0.95    -0.49    -0.07    -0.44    -0.05        0     0.95    -0.49     0.07        0        0        0     0.07     0.14        0     1.13     0.07    -0.14        0     1.13        0        0 0.622451        0        0        0        1    -0.44     0.05        0     0.95    -0.49    -0.07    -0.44    -0.05        0     0.95    -0.49     0.07        0        0        0     0.07     0.14        0     1.13     0.07    -0.14        0     1.13        0        0 0.622451        0        0        0        1    -0.44     0.05        0     0.95    -0.49    -0.07    -0.44    -0.05        0     0.95    -0.49     0.07        0        0        0     0.07     0.14        0     1.13     0.07    -0.14        0     1.13        0        0 0.622451        0        0        0        1    -0.44     0.05        0     0.95    -0.49    -0.07    -0.44    -0.05        0     0.95    -0.49     0.07        0        0        0     0.07     0.14        0     1.13     0.07    -0.14        0     1.13        0        0 0.622451        0        0        0        1    -0.44     0.05        0     0.95    -0.49    -0.07    -0.44    -0.05        0     0.95    -0.49     0.07        0        0        0     0.07     0.14        0     1.13     0.07    -0.14        0     1.13        0        0 0.622451        0        0        0        1    -0.44     0.05        0     0.95    -0.49    -0.07    -0.44    -0.05        0     0.95    -0.49     0.07        0        0        0     0.07     0.14        0     1.13     0.07    -0.14        0     1.13        0        0 0.622451        0        0        0        1    -0.44     0.05        0     0.95    -0.49    -0.07    -0.44    -0.05        0     0.95    -0.49     0.07        0        0        0     0.07     0.14        0     1.13     0.07    -0.14        0     1.13        0        0 0.622451        0        0        0        1    -0.44     0.05        0     0.95    -0.49    -0.07    -0.44    -0.05        0     0.95    -0.49     0.07        0        0        0     0.07     0.14        0     1.13     0.07    -0.14        0     1.13        0        0 0.622451        0        0        0        1    -0.44     0.05        0     0.95    -0.49    -0.07    -0.44    -0.05        0     0.95    -0.49     0.07        0        0        0     0.07     0.14        0     1.13     0.07    -0.14        0     1.13        0        0 0.622451        0        0        0        1    -0.44     0.05        0     0.95    -0.49    -0.07    -0.44    -0.05        0     0.95    -0.49     0.07        0        0        0     0.07     0.14        0     1.13     0.07    -0.14        0     1.13        0        0 0.622451        0        0        0        1    -0.44     0.05        0     0.95    -0.49    -0.07    -0.44    -0.05        0     0.95    -0.49     0.07        0        0        0     0.07     0.14        0     1.13     0.07    -0.14        0     1.13
v guess:
0 0 0 0 0 0 0 0 0 0 0 0 0 0 0 0 0 0 0 0 0 0 0 0 0 0 0 0 0 0 0 0 0 0 0 0 0 0 0 0 0 0 0 0 0 0 0 0 0 0 0 0 0 0 0 0 0 0 0 0 0 0 0 0 0 0 0 0 0 0 0 0 0 0 0 0 0 0 0 0 0 0 0 0 0 0 0 0 0 0 0 0 0 0 0 0 0 0 0 0 0 0 0 0 0 0 0 0 0 0 0 0 0 0 0 0 0 0 0 0 0 0 0 0 0 0 0 0 0 0 0 0 0 0 0 0 0 0 0 0 0 0 0 0 0 0 0 0 0 0 0 0 0 0 0 0 0 0 0 0 0 0 0 0 0 0 0 0 0 0 0 0 0 0 0 0 0 0 0 0 0 0 0 0 0 0 0 0 0 0 0 0 0 0 0 0 0 0 0 0 0 0 0 0 0 0 0 0 0 0 0 0 0 0 0 0 0 0 0 0 0 0 0 0 0 0 0 0 0 0 0 0 0 0 0 0 0 0 0 0 0 0 0 0 0 0 0 0 0 0 0 0 0 0 0 0 0 0 0 0 0 0 0 0 0 0 0 0 0 0 0 0 0 0 0 0 0 0 0 0 0 0 0 0 0 0 0 0 0 0 0 0 0 0 0 0 0 0 0 0 0 0 0 0 0 0 0 0 0 0 0 0 0 0 0 0 0 0 0 0 0 0 0 0 0 0 0 0 0 0 0 0 0 0 0 0 0 0 0 0 0 0 0 0 0 0 0 0 0 0 0 0 0 0 0 0 0 0 0 0 0 0 0 0 0 0 0 0 0 0 0 0 0 0 0 0 0 0 0 0 0 0 0 0 0 0 0 0 0 0 0 0 0 0 0 0 0 0 0 0 0 0 0 0 0 0 0 0 0 0 0 0 0 0 0 0 0 0 0 0 0 0 0 0 0 0 0 0 0 0 0 0 0 0 0 0 0 0 0 0 0 0 0 0 0 0 0 0 0 0 0 0 0 0 0 0 0 0 0 0 0 0 0 0 0 0 0 0 0 0 0 0 0 0 0 0 0 0 0 0 0 0 0 0 0 0 0 0 0 0 0 0 0 0 0 0 0 0 0 0 0 0 0 0 0 0 0 0 0 0 0 0 0 0 0 0 0 0 0 0 0 0 0 0 0 0 0 0 0 0 0 0 0 0 0 0 0 0 0 0 0 0 0 0 0 0 0 0 0 0 0 0 0 0 0 0 0 0 0 0 0 0 0 0 0 0 0 0 0 0 0 0 0 0 0 0 0 0 0 0 0 0 0 0 0 0 0 0 0 0 0 0 0 0 0 0 0 0 0 0 0 0 0 0 0 0 0 0 0
F_lsole guess:
      0       0 40.8846       0       0 40.8846       0       0 40.8846       0       0 40.8846       0       0 40.8846       0       0 40.8846       0       0 40.8846       0       0 40.8846       0       0 40.8846       0       0 40.8846       0       0 40.8846       0       0 40.8846       0       0 40.8846       0       0 40.8846       0       0 40.8846       0       0 40.8846       0       0 40.8846       0       0 40.8846       0       0 40.8846       0       0 40.8846       0       0 40.8846       0       0 40.8846       0       0 40.8846       0       0 40.8846       0       0 40.8846       0       0 40.8846       0       0 40.8846       0       0 40.8846       0       0 40.8846       0       0 40.8846       0       0 40.8846       0       0 40.8846       0       0 40.8846       0       0 40.8846       0       0 40.8846       0       0 40.8846       0       0 40.8846       0       0 40.8846       0       0 40.8846       0       0 40.8846       0       0 40.8846       0       0 40.8846       0       0 40.8846       0       0 40.8846       0       0 40.8846       0       0 40.8846       0       0 40.8846       0       0 40.8846       0       0 40.8846       0       0 40.8846       0       0 40.8846       0       0 40.8846       0       0 40.8846       0       0 40.8846       0       0 40.8846       0       0 40.8846       0       0 40.8846       0       0 40.8846       0       0 40.8846       0       0 40.8846       0       0 40.8846       0       0 40.8846       0       0 40.8846       0       0 40.8846       0       0 40.8846       0       0 40.8846       0       0 40.8846       0       0 40.8846       0       0 40.8846       0       0 40.8846       0       0 40.8846       0       0 40.8846       0       0 40.8846       0       0 40.8846       0       0 40.8846       0       0 40.8846       0       0 40.8846       0       0 40.8846       0       0 40.8846       0       0 40.8846
F_rsole guess:
      0       0 40.8846       0       0 40.8846       0       0 40.8846       0       0 40.8846       0       0 40.8846       0       0 40.8846       0       0 40.8846       0       0 40.8846       0       0 40.8846       0       0 40.8846       0       0 40.8846       0       0 40.8846       0       0 40.8846       0       0 40.8846       0       0 40.8846       0       0 40.8846       0       0 40.8846       0       0 40.8846       0       0 40.8846       0       0 40.8846       0       0 40.8846       0       0 40.8846       0       0 40.8846       0       0 40.8846       0       0 40.8846       0       0 40.8846       0       0 40.8846       0       0 40.8846       0       0 40.8846       0       0 40.8846       0       0 40.8846       0       0 40.8846       0       0 40.8846       0       0 40.8846       0       0 40.8846       0       0 40.8846       0       0 40.8846       0       0 40.8846       0       0 40.8846       0       0 40.8846       0       0 40.8846       0       0 40.8846       0       0 40.8846       0       0 40.8846       0       0 40.8846       0       0 40.8846       0       0 40.8846       0       0 40.8846       0       0 40.8846       0       0 40.8846       0       0 40.8846       0       0 40.8846       0       0 40.8846       0       0 40.8846       0       0 40.8846       0       0 40.8846       0       0 40.8846       0       0 40.8846       0       0 40.8846       0       0 40.8846       0       0 40.8846       0       0 40.8846       0       0 40.8846       0       0 40.8846       0       0 40.8846       0       0 40.8846       0       0 40.8846       0       0 40.8846       0       0 40.8846       0       0 40.8846       0       0 40.8846       0       0 40.8846       0       0 40.8846       0       0 40.8846       0       0 40.8846       0       0 40.8846       0       0 40.8846       0       0 40.8846       0       0 40.8846       0       0 40.8846
tau guess:
-0.716202  -2.68059   2.08307   -16.485   5.41851  0.140143 -0.716202   2.68059  -2.08307   -16.485   5.41851 -0.140143         0 0.0264165  -1.46947 -0.499625   1.02952  0.137216 -0.548173 -0.499625  -1.02952 -0.137216 -0.548173 -0.716202  -2.68059   2.08307   -16.485   5.41851  0.140143 -0.716202   2.68059  -2.08307   -16.485   5.41851 -0.140143         0 0.0264165  -1.46947 -0.499625   1.02952  0.137216 -0.548173 -0.499625  -1.02952 -0.137216 -0.548173 -0.716202  -2.68059   2.08307   -16.485   5.41851  0.140143 -0.716202   2.68059  -2.08307   -16.485   5.41851 -0.140143         0 0.0264165  -1.46947 -0.499625   1.02952  0.137216 -0.548173 -0.499625  -1.02952 -0.137216 -0.548173 -0.716202  -2.68059   2.08307   -16.485   5.41851  0.140143 -0.716202   2.68059  -2.08307   -16.485   5.41851 -0.140143         0 0.0264165  -1.46947 -0.499625   1.02952  0.137216 -0.548173 -0.499625  -1.02952 -0.137216 -0.548173 -0.716202  -2.68059   2.08307   -16.485   5.41851  0.140143 -0.716202   2.68059  -2.08307   -16.485   5.41851 -0.140143         0 0.0264165  -1.46947 -0.499625   1.02952  0.137216 -0.548173 -0.499625  -1.02952 -0.137216 -0.548173 -0.716202  -2.68059   2.08307   -16.485   5.41851  0.140143 -0.716202   2.68059  -2.08307   -16.485   5.41851 -0.140143         0 0.0264165  -1.46947 -0.499625   1.02952  0.137216 -0.548173 -0.499625  -1.02952 -0.137216 -0.548173 -0.716202  -2.68059   2.08307   -16.485   5.41851  0.140143 -0.716202   2.68059  -2.08307   -16.485   5.41851 -0.140143         0 0.0264165  -1.46947 -0.499625   1.02952  0.137216 -0.548173 -0.499625  -1.02952 -0.137216 -0.548173 -0.716202  -2.68059   2.08307   -16.485   5.41851  0.140143 -0.716202   2.68059  -2.08307   -16.485   5.41851 -0.140143         0 0.0264165  -1.46947 -0.499625   1.02952  0.137216 -0.548173 -0.499625  -1.02952 -0.137216 -0.548173 -0.716202  -2.68059   2.08307   -16.485   5.41851  0.140143 -0.716202   2.68059  -2.08307   -16.485   5.41851 -0.140143         0 0.0264165  -1.46947 -0.499625   1.02952  0.137216 -0.548173 -0.499625  -1.02952 -0.137216 -0.548173 -0.716202  -2.68059   2.08307   -16.485   5.41851  0.140143 -0.716202   2.68059  -2.08307   -16.485   5.41851 -0.140143         0 0.0264165  -1.46947 -0.499625   1.02952  0.137216 -0.548173 -0.499625  -1.02952 -0.137216 -0.548173 -0.716202  -2.68059   2.08307   -16.485   5.41851  0.140143 -0.716202   2.68059  -2.08307   -16.485   5.41851 -0.140143         0 0.0264165  -1.46947 -0.499625   1.02952  0.137216 -0.548173 -0.499625  -1.02952 -0.137216 -0.548173 -0.716202  -2.68059   2.08307   -16.485   5.41851  0.140143 -0.716202   2.68059  -2.08307   -16.485   5.41851 -0.140143         0 0.0264165  -1.46947 -0.499625   1.02952  0.137216 -0.548173 -0.499625  -1.02952 -0.137216 -0.548173 -0.716202  -2.68059   2.08307   -16.485   5.41851  0.140143 -0.716202   2.68059  -2.08307   -16.485   5.41851 -0.140143         0 0.0264165  -1.46947 -0.499625   1.02952  0.137216 -0.548173 -0.499625  -1.02952 -0.137216 -0.548173 -0.716202  -2.68059   2.08307   -16.485   5.41851  0.140143 -0.716202   2.68059  -2.08307   -16.485   5.41851 -0.140143         0 0.0264165  -1.46947 -0.499625   1.02952  0.137216 -0.548173 -0.499625  -1.02952 -0.137216 -0.548173 -0.716202  -2.68059   2.08307   -16.485   5.41851  0.140143 -0.716202   2.68059  -2.08307   -16.485   5.41851 -0.140143         0 0.0264165  -1.46947 -0.499625   1.02952  0.137216 -0.548173 -0.499625  -1.02952 -0.137216 -0.548173 -0.716202  -2.68059   2.08307   -16.485   5.41851  0.140143 -0.716202   2.68059  -2.08307   -16.485   5.41851 -0.140143         0 0.0264165  -1.46947 -0.499625   1.02952  0.137216 -0.548173 -0.499625  -1.02952 -0.137216 -0.548173 -0.716202  -2.68059   2.08307   -16.485   5.41851  0.140143 -0.716202   2.68059  -2.08307   -16.485   5.41851 -0.140143         0 0.0264165  -1.46947 -0.499625   1.02952  0.137216 -0.548173 -0.499625  -1.02952 -0.137216 -0.548173 -0.716202  -2.68059   2.08307   -16.485   5.41851  0.140143 -0.716202   2.68059  -2.08307   -16.485   5.41851 -0.140143         0 0.0264165  -1.46947 -0.499625   1.02952  0.137216 -0.548173 -0.499625  -1.02952 -0.137216 -0.548173 -0.716202  -2.68059   2.08307   -16.485   5.41851  0.140143 -0.716202   2.68059  -2.08307   -16.485   5.41851 -0.140143         0 0.0264165  -1.46947 -0.499625   1.02952  0.137216 -0.548173 -0.499625  -1.02952 -0.137216 -0.548173 -0.716202  -2.68059   2.08307   -16.485   5.41851  0.140143 -0.716202   2.68059  -2.08307   -16.485   5.41851 -0.140143         0 0.0264165  -1.46947 -0.499625   1.02952  0.137216 -0.548173 -0.499625  -1.02952 -0.137216 -0.548173
----------------------------------------
